1 2
0 4
3 5
4 6
6 8
9 10
9 12
7 13
11 14
14 16
15 19
18 20
1 4 3 0 0 0 0 0 0 0 0 0 
1 4 3 6 0 0 0 0 0 0 0 0 
1 4 3 6 0 0 0 0 0 0 0 0 
1 4 3 6 8 0 0 0 0 0 0 0 
1 4 3 6 8 0 0 0 0 0 0 0 
1 4 3 6 8 0 0 0 0 0 0 0 
1 4 3 6 8 0 0 0 0 0 0 0 
1 4 3 6 8 9 0 0 0 0 0 0 
1 4 3 6 8 9 0 0 0 0 0 0 
1 4 3 6 8 9 0 0 0 0 0 0 
1 4 3 6 8 9 0 0 0 0 0 0 
1 4 3 6 8 9 0 0 0 0 0 0 
1 4 3 6 8 9 11 0 0 0 0 0 
1 4 3 6 8 9 11 0 0 0 0 0 
1 4 3 6 8 9 11 0 0 0 0 0 
1 4 3 6 8 9 11 0 0 0 0 0 
1 4 3 6 8 9 11 0 0 0 0 0 
1 4 3 6 8 9 11 12 0 0 0 0 
1 4 3 6 8 9 11 12 0 0 0 0 
1 4 3 6 8 9 11 12 0 0 0 0 
1 4 3 6 8 9 11 12 0 0 0 0 
1 4 3 6 8 9 11 12 12 0 0 0 
1 4 3 6 8 9 11 12 12 0 0 0 
1 4 3 6 8 9 11 12 12 0 0 0 
1 4 3 6 8 9 11 12 12 0 0 0 
1 4 3 6 8 9 11 12 12 0 0 0 
1 4 3 6 8 9 11 12 12 0 0 0 
1 4 3 6 8 9 11 12 12 14 0 0 
1 4 3 6 8 9 11 12 12 14 0 0 
1 4 3 6 8 9 11 12 12 14 0 0 
1 4 3 6 8 9 11 12 12 14 0 0 
1 4 3 6 8 9 11 12 12 14 0 0 
1 4 3 6 8 9 11 12 12 14 0 0 
1 4 3 6 8 9 11 12 12 14 0 0 
1 4 3 6 8 9 11 12 12 14 0 0 
1 4 3 6 8 9 11 12 12 14 0 0 
1 4 3 6 8 9 11 12 12 14 16 0 
1 4 3 6 8 9 11 12 12 14 16 0 
1 4 3 6 8 9 11 12 12 14 16 0 
1 4 3 6 8 9 11 12 12 14 16 0 
1 4 3 6 8 9 11 12 12 14 16 0 
1 4 3 6 8 9 11 12 12 14 16 0 
1 4 3 6 8 9 11 12 12 14 16 0 
1 4 3 6 8 9 11 12 12 14 16 0 
1 4 3 6 8 9 11 12 12 14 16 0 
1 4 3 6 8 9 11 12 12 14 16 16 
1 4 3 6 8 9 11 12 12 14 16 16 
1 4 3 6 8 9 11 12 12 14 16 16 
1 4 3 6 8 9 11 12 12 14 16 16 
1 4 3 6 8 9 11 12 12 14 16 16 
1 4 3 6 8 9 11 12 12 14 16 16 
1 4 3 6 8 9 11 12 12 14 16 16 
1 4 3 6 8 9 11 12 12 14 16 16 
1 4 3 6 8 9 11 12 12 14 16 16 
1 4 3 6 8 9 11 12 12 14 16 16 
1 4 3 6 8 9 11 12 12 14 16 16 
16